5.925405798334095753e-01
2.412381886960498489e-01
9.150013588650673935e-02
2.300578517305424189e-02
1.459192345830446179e-02
5.188175327846444168e-03
3.226580948767228136e-03
3.146766535634548494e-03
2.630795326453119753e-03
2.313066582888377663e-03
2.175345783490572303e-03
2.072819952812070612e-03
1.690837694789893526e-03
1.255906621860135427e-03
1.203534017300753305e-03
1.140921015970028287e-03
1.111154117322789986e-03
9.245814685526093125e-04
9.050318991477887109e-04
8.614469689500469122e-04
